# points
0.021186 0.38136
0.029661 0.42797
0.050847 0.47458
0.088983 0.51695
0.13136 0.55932
0.17797 0.57627
0.22458 0.58475
0.27119 0.58898
0.3178 0.58898
0.36441 0.58898
0.41102 0.58051
0.45763 0.57627
0.49153 0.59746
0.51271 0.64407
0.55085 0.66949
0.59746 0.66102
0.64407 0.65678
0.69068 0.64831
0.73729 0.63559
0.7839 0.63559
0.82627 0.61017
0.87288 0.62712
0.91102 0.66102
0.91102 0.70763
0.86441 0.70763
0.84322 0.67373
0.80932 0.69492
0.80508 0.72881
0.84746 0.75424
0.89407 0.76271
0.94068 0.75424
0.97881 0.72458
1 0.68644
0.99576 0.63983
0.97034 0.60169
0.93644 0.5678
0.95339 0.55508
0.96186 0.52966
0.91525 0.50847
0.88559 0.48305
0.83898 0.47458
0.79237 0.46186
0.75847 0.42797
0.7161 0.40254
0.70763 0.36017
0.7161 0.3178
0.72034 0.27119
0.74153 0.23305
0.76695 0.19492
0.7839 0.15254
0.79661 0.11017
0.83051 0.084746
0.84322 0.042373
0.80085 0.029661
0.75424 0.025424
0.70763 0.029661
0.66102 0.042373
0.66949 0.084746
0.64831 0.12288
0.62288 0.16102
0.60593 0.12712
0.59322 0.084746
0.61441 0.050847
0.62288 0.012712
0.57627 0
0.52966 0
0.48305 0
0.43644 0.012712
0.4322 0.055085
0.44068 0.10169
0.45339 0.14407
0.4661 0.18644
0.45763 0.22458
0.41102 0.20763
0.36441 0.20339
0.36864 0.15678
0.38136 0.11017
0.41525 0.067797
0.38559 0.038136
0.33898 0.033898
0.29237 0.038136
0.26271 0.067797
0.24153 0.10593
0.22458 0.14831
0.18644 0.14831
0.16102 0.11017
0.15678 0.063559
0.14831 0.021186
0.10169 0.016949
0.055085 0.016949
0.025424 0.029661
0.038136 0.072034
0.04661 0.11864
0.055085 0.16525
0.063559 0.21186
0.055085 0.25847
0.029661 0.29237
0.021186 0.24576
0.016949 0.19915
0 0.22034
0.0042373 0.26695
0.016949 0.31356
0.021186 0.36017
0.021186 0.38136